 times: (5.50026 7.75978)  MES M1 max git 2377498d9Fri Mar 25 13:36:11 EDT 2022
 times: (10.6667 13.1192)  [MES M1 max M2 just pre 1.20] Fri May  6 08:27:54 EDT 2022
 times: (5.62604 7.6111)  [MES M1 max M2 just pre 1.20 (no builds in background)] Fri May  6 08:37:12 EDT 2022
 times: (5.40678 44.8586)  [MES M1 max M2 1.19.1] Fri May  6 08:43:01 EDT 2022
