 times: (1.94147 2.36442)  MES M1 max git 2377498d9Fri Mar 25 13:35:58 EDT 2022
 times: (3.43932 4.00295)  [MES M1 max M2 just pre 1.20] Fri May  6 08:27:31 EDT 2022
 times: (1.87211 2.34325)  [MES M1 max M2 just pre 1.20 (no builds in background)] Fri May  6 08:36:59 EDT 2022
 times: (1.9026 6.64034)  [MES M1 max M2 1.19.1] Fri May  6 08:42:11 EDT 2022
