
i1 : n = map(ZZ^5,ZZ^6, (i,j) -> 100*i+j)

o1 = | 0   1   2   3   4   5   |
     | 100 101 102 103 104 105 |
     | 200 201 202 203 204 205 |
     | 300 301 302 303 304 305 |
     | 400 401 402 403 404 405 |

              5        6
o1 : Matrix ZZ  <--- ZZ

i2 : m = mutableMatrix n

o2 = | .   1   2   3   4   5   |
     | 100 101 102 103 104 105 |
     | 200 201 202 203 204 205 |
     | 300 301 302 303 304 305 |
     | 400 401 402 403 404 405 |

o2 : MutableMatrix

i3 : columnPermute(m,1,{2,0,1})

o3 = | .   3   1   2   4   5   |
     | 100 103 101 102 104 105 |
     | 200 203 201 202 204 205 |
     | 300 303 301 302 304 305 |
     | 400 403 401 402 404 405 |

o3 : MutableMatrix

i4 : 
